25633
5115
14523
48467
6807
49080
19504
33903
11305
10826
58600
7816
1783
15267
62074
42765
41374
10282
63289
17182
65073
56678
35569
19969
21735
16153
58482
31366
2308
3852
2599
27029
44240
9860
52228
32115
40227
61439
60759
24779
45232
30166
23273
44694
15098
34761
5145
58981
11456
22998
42054
50738
29816
713
63282
51539
18082
40125
46933
55871
39040
46459
45742
52337
40272
46278
24938
27435
22482
58148
13487
27571
31973
37141
55830
23402
47496
19693
58779
22307
33798
10556
3766
32360
40578
24255
18831
22099
21980
26555
57850
47510
58466
26502
28226
14629
39133
58438
64289
34964
61921
43653
29645
29959
36831
1705
45068
5052
6060
16383
8683
4111
4142
38797
11350
61071
47629
43862
18104
34187
29845
30858
14098
459
43281
50522
36604
25081
29360
14654
57327
6944
26097
6528
41860
28271
25816
33611
60356
6869
21986
7455
39459
26102
45195
58245
4070
48592
2983
47106
13389
22875
28207
19121
60082
37076
57977
28126
63604
6252
23673
48263
12084
45027
7717
6280
61070
12733
30436
2041
43231
37657
42359
35567
43896
23634
15365
4060
37801
20599
13642
42295
25101
26843
52642
8053
17431
26720
39899
23169
58420
10839
39382
659
16888
26831
9526
59701
55608
8267
10673
7470
51180
29060
58077
3808
61986
3814
1810
35511
4335
59824
57848
20726
36859
7107
26812
24975
64629
34265
46256
35852
8990
30738
30929
37721
22769
4858
60562
56149
34311
7010
38714
34575
37814
23084
17672
37512
47431
37989
61100
30236
42137
54860
18000
29794
45451
32583
4183
51679
51906
58212
6783
34934
23510
50065
3927
13130
6033
34272
10099
62211
38759
21916
49797
64159
54157
58823
49608
63987
42981
55822
26705
4452
32937
8321
63022
62031
36299
13308
58772
50455
40057
8678
63415
10678
50734
47243
15792
36163
19470
52132
15098
65458
11859
32065
44895
21489
51853
53289
42785
19189
10939
63573
5878
50092
51914
19628
36671
54996
48270
62647
54294
39543
64363
23555
22410
15761
58253
44439
30209
48508
33897
37455
49995
42052
34304
49069
57104
52570
41965
36807
59818
58749
6964
32897
25865
18246
34777
40727
47267
34788
32916
13940
45372
54135
8326
41506
48839
30323
46173
40532
51388
15744
61566
26136
44451
53276
44164
9651
45595
47010
52294
54842
42976
19685
9042
17230
41827
30254
5235
27318
63356
42708
65205
24883
32856
25722
13216
40814
14770
11577
60016
56964
46627
45335
4362
13473
26485
10539
55429
51451
12018
13112
47068
31167
25222
580
24211
4240
11593
14201
43639
59625
55442
8952
21005
8670
23535
5766
14399
59353
24289
29706
39023
1588
17594
5184
46005
39228
41602
59145
56286
25190
44470
27233
38378
18366
27132
61380
47075
61395
4449
3529
29593
6724
61161
64814
64803
21800
33772
45551
10087
28445
50965
64038
56896
38618
56519
51741
48159
29228
11766
40705
13132
45427
59630
52332
28909
16453
152
58606
33919
20994
49070
50877
43238
12361
10073
15477
14357
2928
4318
27148
46686
43199
31250
16565
4723
55676
26826
3303
14822
16102
25726
33063
13079
15514
62273
51687
15340
47758
45571
41984
56292
48131
15498
52070
16209
49
61740
37754
39871
9635
52275
2538
19068
53519
53371
41118
59562
30155
15094
16099
19379
51028
44902
34409
53437
60086
37424
37321
19647
62081
24466
64
11443
27228
22689
37303
41275
65192
48053
14125
43498
2848
44399
25082
39411
57133
19117
41305
5380
16970
14253
40013
20290
35863
40624
3998
35227
62816
32209
20397
50018
32566
33183
36168
36515
28117
28135
44791
62718
17557
18667
26197
45681
63638
31847
30410
31125
40968
56470
8379
60550
52590
50422
52819
56942
32714
5678
30108
59030
46167
1415
27388
24117
12916
7651
24416
20836
49434
8600
2866
28792
7382
21765
8732
38255
26600
6268
61615
22437
31331
11921
52176
33415
8130
65277
57086
6459
35137
4000
2634
7367
49628
39360
18213
15181
57656
62162
23753
18572
55133
43821
46509
14739
39687
4879
38822
57958
4370
58580
19581
58267
23507
21312
26789
49944
14087
45448
3628
48347
20174
29129
2735
19236
63515
47785
1228
1722
38196
22514
40980
21633
9206
8280
55897
21457
47936
65162
47779
54378
1028
55702
19765
25331
20166
29284
28961
2670
47702
38516
1915
34752
51842
31882
516
54571
51077
52205
50175
5587
42832
21303
27506
43108
6920
17918
22593
6867
35547
33281
37085
43853
23436
47646
11962
13042
14721
59580
32468
47438
26435
22830
63808
27296
10095
18944
7627
23179
26169
19822
59234
61312
17198
25438
11524
19703
11040
26162
30975
51687
55858
62117
44750
57798
2354
61505
6531
63348
17956
23768
1990
18037
47104
57130
3192
1666
26601
58522
62171
52173
22626
63741
55399
49538
54188
32579
5170
24716
12252
43819
18734
37007
63332
24810
25905
49306
14876
35965
22344
63156
29610
18680
60496
19714
17019
21859
48567
63430
21706
29234
13173
7168
53659
17687
52350
17089
55396
51777
47094
37867
56710
32580
4570
46091
61974
48666
8081
52941
54513
60217
51387
8726
53230
31205
21991
6115
20613
33489
38687
28208
13745
62508
54870
3939
28495
52378
2885
33425
42034
32132
20023
25664
42428
29169
29428
15847
59444
55030
29665
40644
37050
32509
7222
19441
55978
713
26355
10810
12528
57314
52044
37362
53833
7307
11976
42765
52253
7047
13758
9470
33969
34413
62482
37377
38158
8634
40643
46974
56245
41805
25351
30833
9412
16301
17773
2652
37245
9742
15262
17611
49588
62202
12620
13751
15492
47119
30132
43417
27705
24756
3709
35866
53951
23009
34609
21721
43427
43833
13912
29323
37210
27283
19061
24706
4483
16066
46626
50930
42214
45872
48039
26725
45839
29156
8589
21930
58341
11596
17335
51406
33485
33929
17118
28223
27650
31918
36893
52372
8921
7438
18171
57007
63605
15746
1716
64644
33392
57475
55253
31651
22095
22944
48436
21836
935
43092
46034
58244
29114
37060
31790
58444
4190
9406
46385
22882
5477
16603
48527
12040
18919
28892
59554
27643
39845
17582
50940
54291
51443
14915
18039
40055
32520
28821
63652
1952
13742
41821
56864
24468
61030
52740
10575
59698
55851
62733
51187
41812
18078
14345
28865
13054
13185
35140
64867
31357
39579
25633
4548
28414
61500
5525
19483
44638
16459
46063
19810
45262
48385
41451
62645
48838
44954
26043
51508
52941
47761
